0 0 0 0 0 0 0 0 0 0 0 0 0 0 0 0 0 0 0 0 0 0 0 0 0 0 4 6 10 13 17 14 21 29 27 34 32 41 48 41 34 48 34 51 51 52 44 53 58 46 41 39 51 53 45 35 52 48 31 49 39 35 39 30 37 25 36 30 22 15 20 9 11 7 4 0 0 0 0 0 0 0 0 0 0 0 0 0 0 0 0 0 0 0 0 0 0 0 0 0 0
0 0 0 0 0 0 0 0 0 0 0 0 0 0 0 0 0 0 0 0 0 0 0 0 0 0 2 8 10 11 23 24 32 23 34 34 29 40 47 41 49 59 56 38 36 57 52 66 57 56 54 63 46 57 49 49 59 47 49 41 45 48 43 35 32 44 36 27 23 14 14 7 9 6 2 1 0 0 0 0 0 0 0 0 0 0 0 0 0 0 0 0 0 0 0 0 0 0 0 0 0
0 0 0 0 0 0 0 0 0 0 0 0 0 0 0 0 0 0 0 0 0 0 0 0 0 2 5 12 15 16 18 22 34 35 40 46 53 36 50 58 60 57 65 52 75 56 58 62 59 67 52 54 61 67 53 58 64 51 67 49 61 54 50 39 35 43 29 27 26 30 16 18 7 6 5 0 0 0 0 0 0 0 0 0 0 0 0 0 0 0 0 0 0 0 0 0 0 0 0 0 0
0 0 0 0 0 0 0 0 0 0 0 0 0 0 0 0 0 0 0 0 0 0 0 0 0 4 6 7 13 18 26 25 29 46 33 47 47 47 62 62 49 61 64 56 64 81 70 57 65 78 58 68 60 78 78 70 74 62 66 55 76 49 60 48 40 45 39 35 32 22 24 17 20 10 5 1 0 0 0 0 0 0 0 0 0 0 0 0 0 0 0 0 0 0 0 0 0 0 0 0 0
0 0 0 0 0 0 0 0 0 0 0 0 0 0 0 0 0 0 0 0 0 0 0 0 0 3 7 8 15 18 25 23 25 35 41 46 47 44 48 64 68 64 65 74 65 72 71 65 73 88 86 96 83 74 78 71 93 78 66 73 76 71 54 52 50 36 34 50 47 34 23 21 16 14 7 0 0 0 0 0 0 0 0 0 0 0 0 0 0 0 0 0 0 0 0 0 0 0 0 0 0
0 0 0 0 0 0 0 0 0 0 0 0 0 0 0 0 0 0 0 0 0 0 0 0 0 1 3 10 20 17 23 32 40 48 40 36 64 70 62 69 66 79 56 79 83 76 76 80 83 87 97 94 88 110 80 80 80 87 69 85 79 73 71 57 56 54 50 48 47 30 32 28 9 14 3 0 0 0 0 0 0 0 0 0 0 0 0 0 0 0 0 0 0 0 0 0 0 0 0 0 0
0 0 0 0 0 0 0 0 0 0 0 0 0 0 0 0 0 0 0 0 0 0 0 0 0 2 7 9 24 21 16 42 55 43 54 60 72 74 70 83 76 75 86 86 96 96 87 101 103 102 93 79 72 106 108 90 88 73 86 83 76 84 79 76 54 58 57 38 30 33 30 19 18 11 5 1 0 0 0 0 0 0 0 0 0 0 0 0 0 0 0 0 0 0 0 0 0 0 0 0 0
0 0 0 0 0 0 0 0 0 0 0 0 0 0 0 0 0 0 0 0 0 0 0 0 0 4 10 14 17 35 32 41 49 72 56 42 68 72 87 84 88 95 102 96 101 110 107 108 123 119 120 117 116 101 113 96 106 106 98 95 80 90 71 86 61 58 67 50 47 41 31 21 20 21 5 2 0 0 0 0 0 0 0 0 0 0 0 0 0 0 0 0 0 0 0 0 0 0 0 0 0
0 0 0 0 0 0 0 0 0 0 0 0 0 0 0 0 0 0 0 0 0 0 0 0 0 1 6 25 19 37 35 47 49 74 68 74 87 82 102 79 94 109 104 126 127 115 132 112 107 124 145 135 119 122 100 114 118 107 104 107 107 84 88 82 95 67 66 62 46 50 40 30 28 12 8 4 0 0 0 0 0 0 0 0 0 0 0 0 0 0 0 0 0 0 0 0 0 0 0 0 0
0 0 0 0 0 0 0 0 0 0 0 0 0 0 0 0 0 0 0 0 0 0 0 0 0 0 15 17 21 32 44 47 57 65 80 87 87 88 81 108 108 109 101 124 140 116 122 143 142 148 128 145 154 136 117 138 111 103 97 112 117 122 102 97 92 79 71 69 53 56 61 45 29 16 6 2 0 0 0 0 0 0 0 0 0 0 0 0 0 0 0 0 0 0 0 0 0 0 0 0 0
0 0 0 0 0 0 0 0 0 0 0 0 0 0 0 0 0 0 0 0 0 0 0 0 0 3 14 21 33 38 47 61 56 79 68 92 102 108 113 126 124 136 135 146 134 158 127 171 157 168 164 147 168 115 148 122 158 133 137 134 127 126 110 98 89 96 86 71 66 59 62 36 32 23 15 1 0 0 0 0 0 0 0 0 0 0 0 0 0 0 0 0 0 0 0 0 0 0 0 0 0
0 0 0 0 0 0 0 0 0 0 0 0 0 0 0 0 0 0 0 0 0 0 0 0 0 3 12 27 42 45 59 73 58 81 91 104 107 106 117 146 141 138 160 187 151 176 180 158 169 142 165 171 185 191 153 160 157 136 163 139 130 133 113 113 109 91 106 80 78 71 59 37 41 23 10 2 0 0 0 0 0 0 0 0 0 0 0 0 0 0 0 0 0 0 0 0 0 0 0 0 0
0 0 0 0 0 0 0 0 0 0 0 0 0 0 0 0 0 0 0 0 0 0 0 0 0 1 13 30 40 41 68 67 78 96 106 95 139 130 128 135 150 191 164 173 174 197 177 182 201 196 206 195 207 185 189 186 172 158 152 152 168 153 135 118 134 116 95 86 84 61 56 46 35 21 12 5 0 0 0 0 0 0 0 0 0 0 0 0 0 0 0 0 0 0 0 0 0 0 0 0 0
0 0 0 0 0 0 0 0 0 0 0 0 0 0 0 0 0 0 0 0 0 0 0 0 0 4 13 26 45 51 61 86 89 95 106 123 135 148 169 161 204 186 164 185 214 201 188 241 220 231 197 219 193 201 225 191 190 181 202 190 189 151 166 174 146 132 127 111 98 72 66 62 50 30 26 6 0 0 0 0 0 0 0 0 0 0 0 0 0 0 0 0 0 0 0 0 0 0 0 0 0
0 0 0 0 0 0 0 0 0 0 0 0 0 0 0 0 0 0 0 0 0 0 0 0 0 4 10 41 42 59 76 98 114 132 138 135 124 185 180 178 197 194 239 203 229 276 243 223 252 247 235 223 250 243 244 254 252 201 236 209 198 189 168 182 157 140 126 131 112 95 91 69 49 32 19 3 0 0 0 0 0 0 0 0 0 0 0 0 0 0 0 0 0 0 0 0 0 0 0 0 0
0 0 0 0 0 0 0 0 0 0 0 0 0 0 0 0 0 0 0 0 0 0 0 0 0 3 17 44 55 72 93 121 136 140 142 165 183 189 210 207 206 242 220 270 291 258 291 276 271 261 250 255 258 297 273 263 251 240 260 212 229 196 198 201 179 171 138 144 116 110 88 63 53 38 20 8 0 0 0 0 0 0 0 0 0 0 0 0 0 0 0 0 0 0 0 0 0 0 0 0 0
0 0 0 0 0 0 0 0 0 0 0 0 0 0 0 0 0 0 0 0 0 0 0 0 0 7 33 38 62 91 108 108 113 171 172 173 206 228 229 274 249 254 266 335 255 255 244 321 345 319 300 302 306 343 311 311 314 284 277 259 248 264 205 237 206 160 159 149 125 121 105 81 61 56 23 6 0 0 0 0 0 0 0 0 0 0 0 0 0 0 0 0 0 0 0 0 0 0 0 0 0
0 0 0 0 0 0 0 0 0 0 0 0 0 0 0 0 0 0 0 0 0 0 0 0 0 7 23 41 65 86 112 134 154 174 183 181 244 223 265 278 291 289 303 291 344 350 340 350 372 367 335 369 349 354 303 339 399 304 305 307 292 319 270 248 236 199 185 179 183 121 126 98 66 57 38 8 0 0 0 0 0 0 0 0 0 0 0 0 0 0 0 0 0 0 0 0 0 0 0 0 0
0 0 0 0 0 0 0 0 0 0 0 0 0 0 0 0 0 0 0 0 0 0 0 0 0 8 40 55 81 94 129 148 159 202 218 266 264 263 289 313 371 294 349 399 356 374 383 374 386 407 398 412 420 397 361 387 402 353 372 349 325 356 290 289 230 237 223 190 173 157 113 87 70 42 37 7 0 0 0 0 0 0 0 0 0 0 0 0 0 0 0 0 0 0 0 0 0 0 0 0 0
0 0 0 0 0 0 0 0 0 0 0 0 0 0 0 0 0 0 0 0 0 0 0 0 0 7 47 76 89 119 154 177 192 227 239 284 271 313 333 330 384 388 388 403 477 444 420 452 452 462 476 443 425 452 430 435 394 405 406 374 371 359 341 323 317 263 271 213 212 158 134 119 110 67 35 5 0 0 0 0 0 0 0 0 0 0 0 0 0 0 0 0 0 0 0 0 0 0 0 0 0
0 0 0 0 0 0 0 0 0 0 0 0 0 0 0 0 0 0 0 0 0 0 0 0 0 7 31 68 92 147 155 192 242 260 312 283 342 362 367 428 408 432 428 445 419 479 505 530 480 482 530 439 481 485 514 479 469 474 439 427 436 385 388 325 351 296 289 252 224 181 159 123 110 56 44 11 0 0 0 0 0 0 0 0 0 0 0 0 0 0 0 0 0 0 0 0 0 0 0 0 0
0 0 0 0 0 0 0 0 0 0 0 0 0 0 0 0 0 0 0 0 0 0 0 0 0 13 44 67 106 149 201 220 268 300 291 337 348 387 431 425 523 465 510 538 485 566 517 543 583 590 570 558 589 589 557 503 559 531 489 489 460 491 416 402 343 335 310 279 273 231 183 151 116 90 50 9 0 0 0 0 0 0 0 0 0 0 0 0 0 0 0 0 0 0 0 0 0 0 0 0 0
0 0 0 0 0 0 0 0 0 0 0 0 0 0 0 0 0 0 0 0 0 0 0 0 0 17 56 99 131 165 210 253 254 296 292 402 421 405 474 461 515 588 583 563 595 623 676 601 638 682 621 686 627 607 646 638 608 555 611 523 559 510 491 452 388 366 386 335 269 261 217 168 149 88 55 9 0 0 0 0 0 0 0 0 0 0 0 0 0 0 0 0 0 0 0 0 0 0 0 0 0
0 0 0 0 0 0 0 0 0 0 0 0 0 0 0 0 0 0 0 0 0 0 0 0 0 13 60 100 132 182 205 251 312 323 397 443 426 480 529 570 579 613 622 676 630 716 724 717 712 697 761 693 735 691 714 630 695 634 621 569 616 571 534 509 487 412 380 347 335 255 245 195 132 86 66 16 0 0 0 0 0 0 0 0 0 0 0 0 0 0 0 0 0 0 0 0 0 0 0 0 0
0 0 0 0 0 0 0 0 0 0 0 0 0 0 0 0 0 0 0 0 0 0 0 0 0 15 75 106 170 223 259 327 323 390 399 443 466 532 596 566 638 636 665 736 700 753 755 764 842 789 794 814 820 772 775 735 747 731 660 639 626 649 598 501 503 504 414 373 345 301 229 222 167 107 57 12 0 0 0 0 0 0 0 0 0 0 0 0 0 0 0 0 0 0 0 0 0 0 0 0 0
0 0 0 0 0 0 0 0 0 0 0 0 0 0 0 0 0 0 0 0 0 0 0 0 0 16 68 103 160 234 237 332 394 441 483 492 540 595 637 729 682 726 782 784 813 790 854 822 767 908 872 862 890 822 839 858 799 758 756 799 715 671 595 606 581 533 513 422 371 315 253 222 172 102 58 15 0 0 0 0 0 0 0 0 0 0 0 0 0 0 0 0 0 0 0 0 0 0 0 0 0
0 0 0 0 0 0 0 0 0 0 0 0 0 0 0 0 0 0 0 0 0 0 0 0 0 15 61 120 183 233 272 385 400 406 502 534 620 651 727 694 812 780 843 873 890 928 963 921 951 923 872 912 909 918 907 934 870 850 807 809 769 720 681 659 614 547 500 468 393 364 284 217 201 146 71 18 0 0 0 0 0 0 0 0 0 0 0 0 0 0 0 0 0 0 0 0 0 0 0 0 0
0 0 0 0 0 0 0 0 0 0 0 0 0 0 0 0 0 0 0 0 0 0 0 0 0 18 87 135 173 278 307 369 454 505 570 627 661 713 733 753 789 828 859 928 967 1039 1007 1072 1056 1067 1050 953 1049 1012 976 971 894 891 938 831 838 829 748 704 602 579 603 522 438 398 338 265 220 156 73 21 0 0 0 0 0 0 0 0 0 0 0 0 0 0 0 0 0 0 0 0 0 0 0 0 0
0 0 0 0 0 0 0 0 0 0 0 0 0 0 0 0 0 0 0 0 0 0 0 0 0 25 94 150 207 267 353 421 430 545 579 666 679 715 758 818 866 895 901 922 1039 1019 1017 1026 1064 1071 1093 1097 1007 1009 1042 1009 1031 997 952 956 876 899 744 746 669 581 579 498 495 401 341 288 221 141 98 20 0 0 0 0 0 0 0 0 0 0 0 0 0 0 0 0 0 0 0 0 0 0 0 0 0
0 0 0 0 0 0 0 0 0 0 0 0 0 0 0 0 0 0 0 0 0 0 0 0 0 30 89 163 231 301 361 437 488 528 626 687 703 813 795 904 927 948 1013 1064 1057 1065 988 1091 1120 1112 1119 1178 1157 1081 1113 1071 1077 1101 1045 927 914 869 891 769 761 648 640 574 532 431 381 310 240 161 92 24 0 0 0 0 0 0 0 0 0 0 0 0 0 0 0 0 0 0 0 0 0 0 0 0 0
0 0 0 0 0 0 0 0 0 0 0 0 0 0 0 0 0 0 0 0 0 0 0 0 0 31 111 180 221 317 366 479 553 523 612 733 798 836 822 957 963 1001 975 1091 1091 1123 1140 1139 1116 1160 1226 1172 1189 1197 1095 1179 1128 1100 1033 1015 907 943 827 800 736 709 609 595 532 398 386 274 245 187 88 20 0 0 0 0 0 0 0 0 0 0 0 0 0 0 0 0 0 0 0 0 0 0 0 0 0
0 0 0 0 0 0 0 0 0 0 0 0 0 0 0 0 0 0 0 0 0 0 0 0 0 26 102 170 233 332 405 454 535 596 691 708 801 826 881 970 990 1065 1063 1086 1113 1166 1154 1166 1243 1226 1150 1152 1186 1178 1115 1165 1155 1039 1068 1040 981 991 861 799 768 707 662 596 516 467 391 331 249 195 104 16 0 0 0 0 0 0 0 0 0 0 0 0 0 0 0 0 0 0 0 0 0 0 0 0 0
0 0 0 0 0 0 0 0 0 0 0 0 0 0 0 0 0 0 0 0 0 0 0 0 0 20 83 163 246 313 367 483 526 596 682 753 813 829 870 951 971 1041 1129 1081 1136 1149 1212 1187 1257 1209 1212 1174 1208 1137 1205 1122 1136 1122 1086 994 994 982 907 860 804 721 676 581 521 489 429 347 264 192 88 12 0 0 0 0 0 0 0 0 0 0 0 0 0 0 0 0 0 0 0 0 0 0 0 0 0
0 0 0 0 0 0 0 0 0 0 0 0 0 0 0 0 0 0 0 0 0 0 0 0 0 21 97 171 223 299 398 464 550 581 641 721 786 892 909 920 944 1008 1067 1034 1105 1153 1163 1194 1207 1194 1205 1206 1190 1211 1226 1125 1104 1063 1037 1064 997 1017 876 819 815 699 646 592 519 480 385 317 257 171 107 19 0 0 0 0 0 0 0 0 0 0 0 0 0 0 0 0 0 0 0 0 0 0 0 0 0
0 0 0 0 0 0 0 0 0 0 0 0 0 0 0 0 0 0 0 0 0 0 0 0 0 20 76 154 242 315 395 448 495 578 647 688 832 868 852 906 1003 943 1028 1092 1113 1120 1143 1117 1135 1192 1158 1143 1147 1180 1143 1088 1129 1043 1057 947 946 893 859 844 754 706 641 590 512 442 356 276 254 156 86 23 0 0 0 0 0 0 0 0 0 0 0 0 0 0 0 0 0 0 0 0 0 0 0 0 0
0 0 0 0 0 0 0 0 0 0 0 0 0 0 0 0 0 0 0 0 0 0 0 0 0 25 106 140 233 279 367 457 519 564 620 693 749 789 875 885 963 951 938 1056 1118 1081 1096 1142 1158 1119 1135 1069 1179 1147 1075 1087 1067 1022 1026 960 1021 949 811 786 697 713 657 565 492 477 366 294 192 164 84 14 0 0 0 0 0 0 0 0 0 0 0 0 0 0 0 0 0 0 0 0 0 0 0 0 0
0 0 0 0 0 0 0 0 0 0 0 0 0 0 0 0 0 0 0 0 0 0 0 0 0 20 87 152 201 264 347 431 468 474 568 642 679 689 873 819 876 876 928 1043 916 1091 1075 1032 1093 1085 1059 1084 1085 1049 1096 995 974 1016 954 930 849 856 827 801 705 645 573 534 474 419 364 305 202 161 89 21 0 0 0 0 0 0 0 0 0 0 0 0 0 0 0 0 0 0 0 0 0 0 0 0 0
0 0 0 0 0 0 0 0 0 0 0 0 0 0 0 0 0 0 0 0 0 0 0 0 0 17 65 156 211 266 346 414 412 524 525 631 643 697 756 785 789 815 946 948 979 958 952 1036 953 947 1003 991 1025 986 1007 964 955 881 858 884 859 789 711 711 697 645 560 500 454 370 321 282 201 137 69 14 0 0 0 0 0 0 0 0 0 0 0 0 0 0 0 0 0 0 0 0 0 0 0 0 0
0 0 0 0 0 0 0 0 0 0 0 0 0 0 0 0 0 0 0 0 0 0 0 0 0 21 79 121 185 264 296 325 431 487 522 547 579 688 703 737 784 798 819 828 960 862 913 951 965 918 912 941 916 932 901 892 902 867 831 790 732 681 670 690 642 522 514 474 383 346 283 252 182 138 76 18 0 0 0 0 0 0 0 0 0 0 0 0 0 0 0 0 0 0 0 0 0 0 0 0 0
0 0 0 0 0 0 0 0 0 0 0 0 0 0 0 0 0 0 0 0 0 0 0 0 0 18 53 137 167 219 269 324 349 416 437 522 547 544 561 692 752 724 739 800 835 787 902 851 809 833 899 804 916 844 892 822 820 739 769 743 668 690 649 580 588 458 486 403 370 348 271 258 157 127 68 13 0 0 0 0 0 0 0 0 0 0 0 0 0 0 0 0 0 0 0 0 0 0 0 0 0
0 0 0 0 0 0 0 0 0 0 0 0 0 0 0 0 0 0 0 0 0 0 0 0 0 7 64 127 151 225 255 324 316 405 445 467 509 508 600 600 674 637 722 708 774 764 743 745 766 770 785 734 769 720 785 749 664 686 681 647 653 576 590 551 478 485 443 390 352 299 266 195 175 104 71 9 0 0 0 0 0 0 0 0 0 0 0 0 0 0 0 0 0 0 0 0 0 0 0 0 0
0 0 0 0 0 0 0 0 0 0 0 0 0 0 0 0 0 0 0 0 0 0 0 0 0 12 47 109 159 187 247 255 335 388 429 420 459 495 560 584 621 564 610 592 677 712 681 717 682 733 737 773 692 707 685 718 687 673 644 588 578 555 532 511 464 422 422 342 312 268 221 203 138 110 52 11 0 0 0 0 0 0 0 0 0 0 0 0 0 0 0 0 0 0 0 0 0 0 0 0 0
0 0 0 0 0 0 0 0 0 0 0 0 0 0 0 0 0 0 0 0 0 0 0 0 0 6 39 99 131 173 226 265 285 341 347 367 397 444 456 499 512 530 527 616 569 605 636 632 624 626 704 677 634 612 621 586 581 566 570 532 534 475 475 437 422 410 349 342 248 244 214 174 133 87 48 16 0 0 0 0 0 0 0 0 0 0 0 0 0 0 0 0 0 0 0 0 0 0 0 0 0
0 0 0 0 0 0 0 0 0 0 0 0 0 0 0 0 0 0 0 0 0 0 0 0 0 12 41 76 106 141 198 210 278 286 307 357 344 401 431 492 484 474 487 541 508 533 564 510 584 608 557 568 608 545 545 540 498 533 479 475 490 453 419 403 381 333 312 300 252 218 199 151 116 81 45 10 0 0 0 0 0 0 0 0 0 0 0 0 0 0 0 0 0 0 0 0 0 0 0 0 0
0 0 0 0 0 0 0 0 0 0 0 0 0 0 0 0 0 0 0 0 0 0 0 0 0 9 30 79 103 110 170 191 216 221 285 306 329 345 360 390 452 471 461 490 498 492 462 514 512 559 485 515 586 510 527 501 477 444 483 458 424 434 388 370 324 327 309 261 214 210 161 138 107 76 34 11 0 0 0 0 0 0 0 0 0 0 0 0 0 0 0 0 0 0 0 0 0 0 0 0 0
0 0 0 0 0 0 0 0 0 0 0 0 0 0 0 0 0 0 0 0 0 0 0 0 0 5 40 52 101 100 147 176 211 221 267 267 296 320 334 360 335 421 346 413 407 451 456 430 465 435 437 449 440 452 453 414 426 401 347 395 324 390 327 314 305 273 260 202 212 168 144 139 89 54 36 8 0 0 0 0 0 0 0 0 0 0 0 0 0 0 0 0 0 0 0 0 0 0 0 0 0
0 0 0 0 0 0 0 0 0 0 0 0 0 0 0 0 0 0 0 0 0 0 0 0 0 7 31 42 71 102 118 149 190 206 217 251 254 256 291 309 320 359 346 364 359 361 360 384 384 418 438 395 392 378 372 392 379 342 327 344 337 292 270 280 239 250 245 218 180 133 143 110 86 51 21 10 0 0 0 0 0 0 0 0 0 0 0 0 0 0 0 0 0 0 0 0 0 0 0 0 0
0 0 0 0 0 0 0 0 0 0 0 0 0 0 0 0 0 0 0 0 0 0 0 0 0 6 24 45 83 82 120 138 170 177 203 221 221 286 264 252 295 324 303 288 327 324 327 353 349 339 388 325 343 375 342 344 272 320 286 300 297 261 271 246 231 210 194 175 162 156 107 82 69 53 30 7 0 0 0 0 0 0 0 0 0 0 0 0 0 0 0 0 0 0 0 0 0 0 0 0 0
0 0 0 0 0 0 0 0 0 0 0 0 0 0 0 0 0 0 0 0 0 0 0 0 0 3 29 48 61 72 119 114 124 151 185 172 211 218 228 254 262 254 269 234 324 263 274 348 314 314 303 322 348 317 317 298 282 260 289 241 257 225 220 201 218 194 170 153 138 112 96 86 61 50 26 8 0 0 0 0 0 0 0 0 0 0 0 0 0 0 0 0 0 0 0 0 0 0 0 0 0
0 0 0 0 0 0 0 0 0 0 0 0 0 0 0 0 0 0 0 0 0 0 0 0 0 3 21 40 50 77 81 102 124 130 146 166 188 180 219 208 266 231 236 220 252 231 255 283 285 276 305 274 259 259 273 260 275 238 247 237 226 200 197 184 191 150 150 135 100 105 77 81 66 41 28 3 0 0 0 0 0 0 0 0 0 0 0 0 0 0 0 0 0 0 0 0 0 0 0 0 0
0 0 0 0 0 0 0 0 0 0 0 0 0 0 0 0 0 0 0 0 0 0 0 0 0 2 20 32 50 56 77 110 81 119 152 150 159 171 189 190 206 217 260 216 219 259 219 260 238 257 260 222 277 225 256 256 208 228 205 193 212 218 168 152 133 131 150 135 118 107 82 46 57 31 17 10 0 0 0 0 0 0 0 0 0 0 0 0 0 0 0 0 0 0 0 0 0 0 0 0 0
0 0 0 0 0 0 0 0 0 0 0 0 0 0 0 0 0 0 0 0 0 0 0 0 0 2 16 41 51 67 61 97 75 109 108 118 135 155 140 156 183 175 194 188 235 217 214 219 206 244 227 210 197 199 215 221 194 219 161 187 169 174 148 147 154 130 124 105 103 84 57 57 39 40 14 5 0 0 0 0 0 0 0 0 0 0 0 0 0 0 0 0 0 0 0 0 0 0 0 0 0
0 0 0 0 0 0 0 0 0 0 0 0 0 0 0 0 0 0 0 0 0 0 0 0 0 4 15 31 36 60 64 72 69 75 111 111 118 141 127 168 158 164 189 169 204 194 195 186 202 187 184 191 194 174 147 202 190 158 171 165 159 162 132 153 112 98 90 95 82 76 59 49 43 28 13 4 0 0 0 0 0 0 0 0 0 0 0 0 0 0 0 0 0 0 0 0 0 0 0 0 0
0 0 0 0 0 0 0 0 0 0 0 0 0 0 0 0 0 0 0 0 0 0 0 0 0 2 10 28 39 32 61 59 68 84 109 109 122 119 123 140 141 147 160 160 165 164 173 182 162 173 164 177 174 183 179 180 159 162 156 182 153 123 138 131 118 106 92 87 70 66 52 60 39 32 10 7 0 0 0 0 0 0 0 0 0 0 0 0 0 0 0 0 0 0 0 0 0 0 0 0 0
0 0 0 0 0 0 0 0 0 0 0 0 0 0 0 0 0 0 0 0 0 0 0 0 0 2 10 25 28 49 50 48 56 52 97 85 105 126 106 128 149 133 141 133 139 143 160 144 162 153 140 141 152 141 151 136 135 168 119 130 106 118 107 114 100 98 97 66 67 55 44 51 30 18 18 5 0 0 0 0 0 0 0 0 0 0 0 0 0 0 0 0 0 0 0 0 0 0 0 0 0
0 0 0 0 0 0 0 0 0 0 0 0 0 0 0 0 0 0 0 0 0 0 0 0 0 1 9 24 22 24 55 51 73 60 58 64 75 84 105 83 120 107 117 130 123 150 135 131 136 144 120 131 133 153 121 122 90 127 112 104 108 109 98 84 77 78 86 69 59 56 54 36 35 17 17 3 0 0 0 0 0 0 0 0 0 0 0 0 0 0 0 0 0 0 0 0 0 0 0 0 0
0 0 0 0 0 0 0 0 0 0 0 0 0 0 0 0 0 0 0 0 0 0 0 0 0 4 6 6 13 33 44 51 48 72 59 82 65 90 88 85 96 100 97 109 108 111 129 111 117 113 113 125 116 125 105 104 99 107 91 100 96 87 109 89 75 81 63 73 45 44 46 33 24 17 9 3 0 0 0 0 0 0 0 0 0 0 0 0 0 0 0 0 0 0 0 0 0 0 0 0 0
0 0 0 0 0 0 0 0 0 0 0 0 0 0 0 0 0 0 0 0 0 0 0 0 0 0 9 11 23 27 31 42 47 54 68 61 62 60 81 87 84 102 88 103 101 97 107 103 114 118 106 115 104 93 97 114 102 97 91 88 85 96 80 65 82 79 68 47 44 32 38 28 20 12 7 6 0 0 0 0 0 0 0 0 0 0 0 0 0 0 0 0 0 0 0 0 0 0 0 0 0
0 0 0 0 0 0 0 0 0 0 0 0 0 0 0 0 0 0 0 0 0 0 0 0 0 0 5 12 30 22 36 40 38 47 43 58 67 65 65 84 82 59 93 74 71 92 75 100 90 105 99 85 98 88 101 89 95 83 63 87 95 76 77 70 41 53 50 53 45 43 36 29 18 15 7 3 0 0 0 0 0 0 0 0 0 0 0 0 0 0 0 0 0 0 0 0 0 0 0 0 0
0 0 0 0 0 0 0 0 0 0 0 0 0 0 0 0 0 0 0 0 0 0 0 0 0 1 6 10 18 15 31 32 36 45 47 55 51 60 61 73 70 85 71 59 73 69 91 85 86 81 78 83 87 84 91 99 79 81 83 73 78 77 67 58 55 57 51 57 30 30 27 34 17 13 3 1 0 0 0 0 0 0 0 0 0 0 0 0 0 0 0 0 0 0 0 0 0 0 0 0 0
0 0 0 0 0 0 0 0 0 0 0 0 0 0 0 0 0 0 0 0 0 0 0 0 0 0 6 11 15 24 31 31 21 28 47 37 47 58 59 49 51 67 66 55 59 87 77 63 79 79 74 67 81 71 77 58 66 75 87 64 69 71 51 48 39 49 48 32 29 28 27 21 16 9 5 3 0 0 0 0 0 0 0 0 0 0 0 0 0 0 0 0 0 0 0 0 0 0 0 0 0
0 0 0 0 0 0 0 0 0 0 0 0 0 0 0 0 0 0 0 0 0 0 0 0 0 1 8 12 15 23 20 27 26 37 44 35 50 39 55 56 56 69 71 49 49 57 83 60 72 83 61 64 70 71 61 58 64 61 53 52 51 54 41 46 36 43 35 34 31 32 22 25 11 9 5 0 0 0 0 0 0 0 0 0 0 0 0 0 0 0 0 0 0 0 0 0 0 0 0 0 0
0 0 0 0 0 0 0 0 0 0 0 0 0 0 0 0 0 0 0 0 0 0 0 0 0 1 4 8 11 17 16 18 27 35 45 40 36 54 37 47 49 59 50 54 51 56 65 74 60 76 68 59 64 54 57 57 68 61 47 61 66 52 39 51 42 39 34 30 25 24 19 16 11 5 5 0 0 0 0 0 0 0 0 0 0 0 0 0 0 0 0 0 0 0 0 0 0 0 0 0 0
0 0 0 0 0 0 0 0 0 0 0 0 0 0 0 0 0 0 0 0 0 0 0 0 0 3 7 5 10 14 22 24 21 32 33 33 35 42 41 43 60 49 43 58 52 41 45 61 47 59 57 70 53 61 79 53 53 57 54 41 46 45 24 26 29 33 30 29 30 31 24 10 9 11 4 0 0 0 0 0 0 0 0 0 0 0 0 0 0 0 0 0 0 0 0 0 0 0 0 0 0
0 0 0 0 0 0 0 0 0 0 0 0 0 0 0 0 0 0 0 0 0 0 0 0 0 1 3 6 14 10 15 15 19 18 17 32 34 36 54 37 45 41 51 42 48 48 56 50 42 59 50 50 64 47 56 44 50 43 37 40 32 39 34 34 31 36 32 26 24 15 20 16 9 3 2 0 0 0 0 0 0 0 0 0 0 0 0 0 0 0 0 0 0 0 0 0 0 0 0 0 0