0 0 0 0 0 0 0 0 0 0 0 0 0 0 0 0 0 0 0 0 0 0 0 0 0 1 3 9 9 13 14 17 17 24 26 38 36 30 30 34 41 44 50 44 39 46 53 37 50 52 49 46 53 49 30 62 43 42 46 34 40 47 38 30 31 38 26 21 21 10 12 10 13 7 2 0 0 0 0 0 0 0 0 0 0 0 0 0 0 0 0 0 0 0 0 0 0 0 0 0 0
0 0 0 0 0 0 0 0 0 0 0 0 0 0 0 0 0 0 0 0 0 0 0 0 0 1 6 9 14 17 13 23 27 26 40 39 34 45 34 39 34 58 58 51 54 58 56 54 55 58 52 55 51 55 42 61 52 49 49 45 51 63 62 55 33 26 25 33 27 19 25 12 6 10 2 2 0 0 0 0 0 0 0 0 0 0 0 0 0 0 0 0 0 0 0 0 0 0 0 0 0
0 0 0 0 0 0 0 0 0 0 0 0 0 0 0 0 0 0 0 0 0 0 0 0 0 0 7 5 10 22 13 25 26 24 31 37 37 43 44 49 44 54 57 62 62 54 58 54 54 60 53 73 77 78 69 56 59 69 50 41 38 52 51 48 37 33 31 31 31 35 25 20 11 12 10 2 0 0 0 0 0 0 0 0 0 0 0 0 0 0 0 0 0 0 0 0 0 0 0 0 0
0 0 0 0 0 0 0 0 0 0 0 0 0 0 0 0 0 0 0 0 0 0 0 0 0 1 5 9 16 18 23 44 24 35 37 35 49 45 52 41 59 59 59 70 73 68 63 64 78 60 60 68 71 74 60 78 69 48 59 58 59 64 43 54 46 44 38 32 29 24 24 11 15 9 5 0 0 0 0 0 0 0 0 0 0 0 0 0 0 0 0 0 0 0 0 0 0 0 0 0 0
0 0 0 0 0 0 0 0 0 0 0 0 0 0 0 0 0 0 0 0 0 0 0 0 0 3 2 5 18 23 32 20 37 39 48 37 50 44 56 72 65 64 70 83 70 71 72 72 87 72 83 89 67 72 90 70 88 86 67 62 64 59 66 52 60 35 44 33 43 26 18 11 21 6 3 2 0 0 0 0 0 0 0 0 0 0 0 0 0 0 0 0 0 0 0 0 0 0 0 0 0
0 0 0 0 0 0 0 0 0 0 0 0 0 0 0 0 0 0 0 0 0 0 0 0 0 1 5 13 18 24 24 39 43 43 50 56 55 65 60 59 75 69 71 72 99 75 78 86 94 67 95 84 88 80 74 70 86 72 81 68 84 60 81 52 47 49 45 41 37 27 29 25 21 12 6 2 0 0 0 0 0 0 0 0 0 0 0 0 0 0 0 0 0 0 0 0 0 0 0 0 0
0 0 0 0 0 0 0 0 0 0 0 0 0 0 0 0 0 0 0 0 0 0 0 0 0 1 4 21 19 28 18 40 43 56 52 55 53 59 75 72 85 89 81 98 106 85 107 104 115 105 105 94 121 80 100 89 88 97 53 81 69 55 71 59 63 65 38 57 43 35 20 25 19 10 9 1 0 0 0 0 0 0 0 0 0 0 0 0 0 0 0 0 0 0 0 0 0 0 0 0 0
0 0 0 0 0 0 0 0 0 0 0 0 0 0 0 0 0 0 0 0 0 0 0 0 0 0 3 18 27 33 25 30 41 48 59 58 67 69 69 69 84 94 97 114 95 83 99 114 90 99 100 95 109 95 86 100 96 105 97 112 89 80 77 69 84 60 53 58 56 41 42 26 18 16 5 0 0 0 0 0 0 0 0 0 0 0 0 0 0 0 0 0 0 0 0 0 0 0 0 0 0
0 0 0 0 0 0 0 0 0 0 0 0 0 0 0 0 0 0 0 0 0 0 0 0 0 0 10 18 18 31 34 43 44 69 64 72 67 80 79 103 84 100 109 116 98 100 122 131 110 104 122 109 132 115 123 115 109 122 114 85 115 94 90 61 59 68 61 58 52 46 34 34 27 23 15 0 0 0 0 0 0 0 0 0 0 0 0 0 0 0 0 0 0 0 0 0 0 0 0 0 0
0 0 0 0 0 0 0 0 0 0 0 0 0 0 0 0 0 0 0 0 0 0 0 0 0 1 8 19 28 42 45 51 62 69 82 75 81 101 103 109 90 105 131 122 121 113 142 125 132 126 135 144 131 155 131 113 123 116 111 114 100 103 107 112 99 80 82 73 56 36 44 27 32 23 9 0 0 0 0 0 0 0 0 0 0 0 0 0 0 0 0 0 0 0 0 0 0 0 0 0 0
0 0 0 0 0 0 0 0 0 0 0 0 0 0 0 0 0 0 0 0 0 0 0 0 0 4 17 22 36 48 49 52 65 77 79 95 88 115 99 107 126 135 121 145 152 133 146 177 132 166 140 134 147 120 157 144 150 139 142 118 118 107 100 84 126 92 90 84 72 77 60 34 27 24 6 2 0 0 0 0 0 0 0 0 0 0 0 0 0 0 0 0 0 0 0 0 0 0 0 0 0
0 0 0 0 0 0 0 0 0 0 0 0 0 0 0 0 0 0 0 0 0 0 0 0 0 3 13 31 33 45 62 74 70 78 114 109 116 111 124 127 151 148 139 162 162 155 166 170 154 175 173 172 158 172 153 153 152 139 131 145 153 125 134 112 95 122 113 85 73 70 54 54 34 22 12 5 0 0 0 0 0 0 0 0 0 0 0 0 0 0 0 0 0 0 0 0 0 0 0 0 0
0 0 0 0 0 0 0 0 0 0 0 0 0 0 0 0 0 0 0 0 0 0 0 0 0 3 12 22 40 61 48 78 93 74 103 109 143 114 122 127 156 136 161 161 187 181 188 182 179 207 178 197 194 207 176 162 190 175 164 128 161 143 167 134 118 134 99 91 97 83 64 47 41 19 15 4 0 0 0 0 0 0 0 0 0 0 0 0 0 0 0 0 0 0 0 0 0 0 0 0 0
0 0 0 0 0 0 0 0 0 0 0 0 0 0 0 0 0 0 0 0 0 0 0 0 0 3 13 40 31 68 67 73 83 112 109 145 151 149 149 147 199 196 204 196 232 205 228 199 221 221 226 218 201 216 210 229 208 210 186 177 176 182 158 125 145 135 117 112 94 74 61 62 33 23 17 1 0 0 0 0 0 0 0 0 0 0 0 0 0 0 0 0 0 0 0 0 0 0 0 0 0
0 0 0 0 0 0 0 0 0 0 0 0 0 0 0 0 0 0 0 0 0 0 0 0 0 2 20 40 43 58 79 111 105 139 132 149 152 176 192 192 191 215 218 210 227 235 267 281 261 230 247 247 255 240 241 234 204 256 208 210 209 186 186 183 174 147 153 129 114 91 90 56 50 43 22 5 0 0 0 0 0 0 0 0 0 0 0 0 0 0 0 0 0 0 0 0 0 0 0 0 0
0 0 0 0 0 0 0 0 0 0 0 0 0 0 0 0 0 0 0 0 0 0 0 0 0 4 15 49 42 71 105 96 110 147 163 161 187 186 217 240 243 219 233 258 258 303 265 267 292 296 256 269 296 259 304 241 268 235 273 213 218 217 215 198 193 184 138 131 109 97 74 66 49 43 21 2 0 0 0 0 0 0 0 0 0 0 0 0 0 0 0 0 0 0 0 0 0 0 0 0 0
0 0 0 0 0 0 0 0 0 0 0 0 0 0 0 0 0 0 0 0 0 0 0 0 0 9 25 40 69 89 112 105 120 140 166 181 202 198 234 280 264 257 282 299 320 291 327 285 302 303 302 331 331 304 328 314 280 257 280 255 237 248 216 203 187 187 178 166 145 128 94 66 61 44 25 8 0 0 0 0 0 0 0 0 0 0 0 0 0 0 0 0 0 0 0 0 0 0 0 0 0
0 0 0 0 0 0 0 0 0 0 0 0 0 0 0 0 0 0 0 0 0 0 0 0 0 11 24 56 60 98 115 132 159 185 222 206 233 236 254 299 296 307 326 336 322 363 352 367 314 378 361 354 367 355 361 321 349 349 300 299 279 276 253 240 223 205 191 185 172 151 102 90 73 58 27 8 0 0 0 0 0 0 0 0 0 0 0 0 0 0 0 0 0 0 0 0 0 0 0 0 0
0 0 0 0 0 0 0 0 0 0 0 0 0 0 0 0 0 0 0 0 0 0 0 0 0 3 32 40 74 125 129 160 176 212 208 246 260 256 294 314 328 377 355 360 391 383 403 408 391 398 423 386 409 395 395 399 363 382 342 348 360 293 291 296 233 245 216 203 190 152 113 116 71 66 29 6 0 0 0 0 0 0 0 0 0 0 0 0 0 0 0 0 0 0 0 0 0 0 0 0 0
0 0 0 0 0 0 0 0 0 0 0 0 0 0 0 0 0 0 0 0 0 0 0 0 0 5 31 64 81 112 159 183 206 237 233 281 256 287 338 354 393 395 402 379 433 431 440 430 425 441 440 486 434 424 427 415 440 412 397 387 358 345 326 338 270 273 266 240 198 174 147 124 79 77 38 5 0 0 0 0 0 0 0 0 0 0 0 0 0 0 0 0 0 0 0 0 0 0 0 0 0
0 0 0 0 0 0 0 0 0 0 0 0 0 0 0 0 0 0 0 0 0 0 0 0 0 9 42 72 123 154 165 193 182 266 269 282 320 344 356 388 414 419 436 473 483 477 471 478 491 492 489 500 517 496 472 487 456 438 468 447 383 413 409 356 343 319 241 238 235 178 153 151 103 74 34 13 0 0 0 0 0 0 0 0 0 0 0 0 0 0 0 0 0 0 0 0 0 0 0 0 0
0 0 0 0 0 0 0 0 0 0 0 0 0 0 0 0 0 0 0 0 0 0 0 0 0 15 31 91 115 161 200 230 225 312 310 353 356 412 412 443 501 484 498 516 554 534 547 599 542 580 574 569 571 575 555 562 532 523 495 520 450 469 414 367 357 340 292 297 246 227 166 147 124 73 54 11 0 0 0 0 0 0 0 0 0 0 0 0 0 0 0 0 0 0 0 0 0 0 0 0 0
0 0 0 0 0 0 0 0 0 0 0 0 0 0 0 0 0 0 0 0 0 0 0 0 0 9 48 67 135 168 202 256 285 334 359 381 402 455 477 505 490 547 531 578 597 565 627 637 654 658 618 652 611 587 581 613 572 597 538 572 550 490 456 427 410 360 331 337 249 231 204 152 112 86 65 10 0 0 0 0 0 0 0 0 0 0 0 0 0 0 0 0 0 0 0 0 0 0 0 0 0
0 0 0 0 0 0 0 0 0 0 0 0 0 0 0 0 0 0 0 0 0 0 0 0 0 7 57 87 123 179 251 261 276 366 422 454 495 510 542 570 625 603 590 688 663 673 684 681 652 734 690 689 647 727 664 662 657 651 619 578 594 547 504 476 494 431 377 314 312 261 221 173 156 105 50 12 0 0 0 0 0 0 0 0 0 0 0 0 0 0 0 0 0 0 0 0 0 0 0 0 0
0 0 0 0 0 0 0 0 0 0 0 0 0 0 0 0 0 0 0 0 0 0 0 0 0 13 52 126 152 220 288 315 376 375 415 471 509 552 566 597 654 720 727 718 759 753 787 791 817 836 782 782 789 811 750 761 742 728 691 640 630 579 577 520 453 470 447 383 351 313 223 187 153 113 55 10 0 0 0 0 0 0 0 0 0 0 0 0 0 0 0 0 0 0 0 0 0 0 0 0 0
0 0 0 0 0 0 0 0 0 0 0 0 0 0 0 0 0 0 0 0 0 0 0 0 0 24 58 109 173 211 305 334 376 438 506 501 555 588 599 633 773 710 760 765 865 812 853 816 898 876 841 899 866 849 818 864 804 764 767 753 704 700 643 618 599 521 453 430 372 325 283 230 167 103 85 24 0 0 0 0 0 0 0 0 0 0 0 0 0 0 0 0 0 0 0 0 0 0 0 0 0
0 0 0 0 0 0 0 0 0 0 0 0 0 0 0 0 0 0 0 0 0 0 0 0 0 15 88 158 192 259 306 322 447 460 514 541 641 677 631 758 773 764 844 856 876 883 926 956 922 960 956 955 925 918 909 888 888 858 824 761 765 728 630 647 579 582 489 478 408 360 300 261 191 130 81 10 0 0 0 0 0 0 0 0 0 0 0 0 0 0 0 0 0 0 0 0 0 0 0 0 0
0 0 0 0 0 0 0 0 0 0 0 0 0 0 0 0 0 0 0 0 0 0 0 0 0 20 72 137 180 247 330 382 463 515 507 559 632 739 796 800 798 857 894 951 931 926 1035 994 991 1027 967 991 1046 968 991 969 966 995 902 837 804 849 741 723 654 589 583 505 462 398 332 265 217 135 85 17 0 0 0 0 0 0 0 0 0 0 0 0 0 0 0 0 0 0 0 0 0 0 0 0 0
0 0 0 0 0 0 0 0 0 0 0 0 0 0 0 0 0 0 0 0 0 0 0 0 0 17 88 150 216 313 346 426 434 507 540 608 682 779 752 803 854 907 906 1026 1000 1055 1083 1077 1046 1033 1091 1093 1092 998 1069 975 1081 993 956 965 865 842 826 755 696 638 581 528 452 452 370 274 213 147 76 21 0 0 0 0 0 0 0 0 0 0 0 0 0 0 0 0 0 0 0 0 0 0 0 0 0
0 0 0 0 0 0 0 0 0 0 0 0 0 0 0 0 0 0 0 0 0 0 0 0 0 26 79 141 231 290 394 443 529 538 613 676 762 763 816 900 891 930 1009 1039 1032 1077 1055 1176 1128 1129 1104 1087 1132 1070 1024 1043 1040 1017 984 956 877 872 805 816 750 693 602 576 524 405 384 311 258 159 87 23 0 0 0 0 0 0 0 0 0 0 0 0 0 0 0 0 0 0 0 0 0 0 0 0 0
0 0 0 0 0 0 0 0 0 0 0 0 0 0 0 0 0 0 0 0 0 0 0 0 0 31 100 186 236 322 401 464 565 585 637 669 799 828 921 864 943 989 1064 1096 1012 1143 1158 1181 1245 1228 1192 1152 1184 1156 1163 1098 1074 1085 1065 975 932 865 894 825 772 673 594 572 555 414 396 302 228 176 99 17 0 0 0 0 0 0 0 0 0 0 0 0 0 0 0 0 0 0 0 0 0 0 0 0 0
0 0 0 0 0 0 0 0 0 0 0 0 0 0 0 0 0 0 0 0 0 0 0 0 0 19 92 187 229 314 376 443 552 615 690 742 728 833 864 954 970 1052 1028 1095 1160 1111 1183 1177 1248 1184 1151 1226 1220 1180 1222 1107 1137 1124 1106 1010 926 922 894 797 775 765 662 573 521 442 390 311 209 181 82 19 0 0 0 0 0 0 0 0 0 0 0 0 0 0 0 0 0 0 0 0 0 0 0 0 0
0 0 0 0 0 0 0 0 0 0 0 0 0 0 0 0 0 0 0 0 0 0 0 0 0 26 90 177 220 345 375 465 530 614 628 708 769 898 895 952 1016 1026 1097 1080 1145 1206 1201 1141 1227 1209 1192 1177 1296 1165 1211 1181 1110 1095 1045 1030 970 966 890 823 766 677 635 601 525 446 395 334 222 170 95 21 0 0 0 0 0 0 0 0 0 0 0 0 0 0 0 0 0 0 0 0 0 0 0 0 0
0 0 0 0 0 0 0 0 0 0 0 0 0 0 0 0 0 0 0 0 0 0 0 0 0 22 95 164 269 298 388 442 579 641 658 718 785 829 862 936 945 1070 1042 1093 1167 1179 1217 1221 1200 1295 1157 1232 1285 1214 1157 1099 1088 1067 1054 1006 966 981 910 855 791 715 668 568 521 454 383 326 238 174 98 20 0 0 0 0 0 0 0 0 0 0 0 0 0 0 0 0 0 0 0 0 0 0 0 0 0
0 0 0 0 0 0 0 0 0 0 0 0 0 0 0 0 0 0 0 0 0 0 0 0 0 22 105 171 265 339 402 439 500 576 646 692 731 839 895 916 955 998 1063 1033 1100 1098 1124 1189 1182 1173 1213 1173 1164 1167 1127 1199 1054 1059 1023 929 966 911 801 820 798 724 621 582 481 470 442 324 243 184 116 17 0 0 0 0 0 0 0 0 0 0 0 0 0 0 0 0 0 0 0 0 0 0 0 0 0
0 0 0 0 0 0 0 0 0 0 0 0 0 0 0 0 0 0 0 0 0 0 0 0 0 23 105 171 208 311 359 430 477 545 625 677 747 763 819 910 958 955 1012 1018 1049 1086 1130 1094 1108 1116 1146 1097 1105 1145 1097 1053 1144 1123 962 930 928 944 859 787 739 704 608 565 527 450 380 294 247 148 74 26 0 0 0 0 0 0 0 0 0 0 0 0 0 0 0 0 0 0 0 0 0 0 0 0 0
0 0 0 0 0 0 0 0 0 0 0 0 0 0 0 0 0 0 0 0 0 0 0 0 0 15 75 167 208 288 360 388 473 516 599 652 671 754 809 849 898 925 885 1006 1017 1027 1091 1090 1058 1096 1045 1051 1021 1013 1032 1038 1028 996 925 910 883 845 803 681 719 653 572 517 481 380 337 275 191 140 75 20 0 0 0 0 0 0 0 0 0 0 0 0 0 0 0 0 0 0 0 0 0 0 0 0 0
0 0 0 0 0 0 0 0 0 0 0 0 0 0 0 0 0 0 0 0 0 0 0 0 0 17 72 132 202 287 327 380 437 487 532 578 665 723 771 823 854 871 894 900 999 919 978 1000 980 967 1030 1056 944 966 995 986 903 927 901 814 801 779 809 711 665 667 512 531 447 374 321 276 209 146 80 15 0 0 0 0 0 0 0 0 0 0 0 0 0 0 0 0 0 0 0 0 0 0 0 0 0
0 0 0 0 0 0 0 0 0 0 0 0 0 0 0 0 0 0 0 0 0 0 0 0 0 15 72 121 190 248 305 373 447 478 497 568 615 686 655 770 790 801 807 862 948 906 836 965 906 972 975 912 924 901 933 916 897 880 812 818 787 702 710 652 621 539 527 491 410 370 307 249 185 126 65 25 0 0 0 0 0 0 0 0 0 0 0 0 0 0 0 0 0 0 0 0 0 0 0 0 0
0 0 0 0 0 0 0 0 0 0 0 0 0 0 0 0 0 0 0 0 0 0 0 0 0 7 60 115 164 212 244 333 370 433 469 512 568 574 636 689 713 721 774 775 791 859 840 872 821 889 857 909 839 850 840 834 826 811 731 755 714 655 653 585 567 490 442 440 386 335 291 232 188 126 64 9 0 0 0 0 0 0 0 0 0 0 0 0 0 0 0 0 0 0 0 0 0 0 0 0 0
0 0 0 0 0 0 0 0 0 0 0 0 0 0 0 0 0 0 0 0 0 0 0 0 0 17 62 115 161 189 246 300 350 361 470 506 542 563 589 609 604 617 708 724 717 797 763 763 822 797 800 853 839 761 776 751 742 726 678 667 629 571 561 527 515 475 409 399 316 298 232 188 147 109 63 17 0 0 0 0 0 0 0 0 0 0 0 0 0 0 0 0 0 0 0 0 0 0 0 0 0
0 0 0 0 0 0 0 0 0 0 0 0 0 0 0 0 0 0 0 0 0 0 0 0 0 4 65 98 132 185 221 274 314 382 427 453 435 490 549 539 612 595 594 675 618 683 748 687 691 696 679 706 698 728 714 684 653 640 644 595 584 564 546 468 457 394 396 354 315 246 237 204 141 122 54 13 0 0 0 0 0 0 0 0 0 0 0 0 0 0 0 0 0 0 0 0 0 0 0 0 0
0 0 0 0 0 0 0 0 0 0 0 0 0 0 0 0 0 0 0 0 0 0 0 0 0 8 55 88 123 171 209 234 263 318 357 364 393 444 470 505 511 514 569 622 544 621 608 645 592 592 689 666 618 573 627 630 614 600 584 497 487 456 475 425 430 400 379 311 275 249 203 145 130 69 52 14 0 0 0 0 0 0 0 0 0 0 0 0 0 0 0 0 0 0 0 0 0 0 0 0 0
0 0 0 0 0 0 0 0 0 0 0 0 0 0 0 0 0 0 0 0 0 0 0 0 0 12 39 69 127 131 183 230 253 287 323 345 350 414 411 452 479 461 500 535 522 518 574 526 578 577 559 597 572 567 534 540 488 484 503 508 451 444 436 354 394 324 293 270 252 228 172 144 128 76 40 12 0 0 0 0 0 0 0 0 0 0 0 0 0 0 0 0 0 0 0 0 0 0 0 0 0
0 0 0 0 0 0 0 0 0 0 0 0 0 0 0 0 0 0 0 0 0 0 0 0 0 13 38 57 91 121 157 212 232 273 275 326 308 329 383 377 363 439 473 438 479 474 490 531 509 506 473 500 529 533 493 456 420 483 453 428 415 408 373 350 350 303 275 262 192 184 167 135 98 68 35 8 0 0 0 0 0 0 0 0 0 0 0 0 0 0 0 0 0 0 0 0 0 0 0 0 0
0 0 0 0 0 0 0 0 0 0 0 0 0 0 0 0 0 0 0 0 0 0 0 0 0 3 42 71 82 114 128 185 205 217 249 272 309 333 310 357 355 359 421 433 421 436 440 450 457 438 460 447 492 464 432 390 427 422 411 389 404 365 352 298 282 282 235 239 200 162 139 117 85 57 40 4 0 0 0 0 0 0 0 0 0 0 0 0 0 0 0 0 0 0 0 0 0 0 0 0 0
0 0 0 0 0 0 0 0 0 0 0 0 0 0 0 0 0 0 0 0 0 0 0 0 0 2 39 46 81 90 129 153 173 193 184 247 227 301 284 298 327 329 331 367 385 393 359 400 387 401 417 409 425 386 342 389 333 342 366 305 315 294 295 294 250 226 223 183 173 160 122 104 84 47 29 8 0 0 0 0 0 0 0 0 0 0 0 0 0 0 0 0 0 0 0 0 0 0 0 0 0
0 0 0 0 0 0 0 0 0 0 0 0 0 0 0 0 0 0 0 0 0 0 0 0 0 6 29 53 68 94 109 136 169 192 204 221 254 259 247 274 239 316 311 330 317 349 312 358 366 357 370 327 404 367 331 362 320 330 303 282 290 286 267 268 237 234 191 159 174 133 121 116 82 64 34 7 0 0 0 0 0 0 0 0 0 0 0 0 0 0 0 0 0 0 0 0 0 0 0 0 0
0 0 0 0 0 0 0 0 0 0 0 0 0 0 0 0 0 0 0 0 0 0 0 0 0 3 22 41 57 80 119 135 135 133 140 181 204 218 238 220 264 298 262 295 266 284 301 313 309 322 344 315 323 328 308 301 260 280 272 245 254 256 255 217 185 179 166 140 164 108 114 89 74 42 25 8 0 0 0 0 0 0 0 0 0 0 0 0 0 0 0 0 0 0 0 0 0 0 0 0 0
0 0 0 0 0 0 0 0 0 0 0 0 0 0 0 0 0 0 0 0 0 0 0 0 0 5 25 43 58 74 105 94 104 154 131 196 182 176 198 240 213 255 255 272 264 284 265 252 266 250 286 280 268 267 261 255 268 251 239 213 226 201 190 193 169 169 155 130 109 106 95 74 58 38 21 5 0 0 0 0 0 0 0 0 0 0 0 0 0 0 0 0 0 0 0 0 0 0 0 0 0
0 0 0 0 0 0 0 0 0 0 0 0 0 0 0 0 0 0 0 0 0 0 0 0 0 7 26 28 46 64 94 95 98 134 124 148 149 166 211 172 219 202 214 243 217 271 261 242 241 250 211 239 255 230 200 229 220 231 226 213 175 190 162 165 156 139 137 121 112 103 66 70 59 37 20 4 0 0 0 0 0 0 0 0 0 0 0 0 0 0 0 0 0 0 0 0 0 0 0 0 0
0 0 0 0 0 0 0 0 0 0 0 0 0 0 0 0 0 0 0 0 0 0 0 0 0 5 16 43 36 63 65 75 89 98 122 120 142 172 148 179 173 169 172 179 210 205 201 185 227 218 215 252 210 201 221 199 186 209 160 168 165 168 155 174 156 130 105 90 90 82 84 52 63 36 12 6 0 0 0 0 0 0 0 0 0 0 0 0 0 0 0 0 0 0 0 0 0 0 0 0 0
0 0 0 0 0 0 0 0 0 0 0 0 0 0 0 0 0 0 0 0 0 0 0 0 0 4 17 20 42 47 60 76 87 84 102 126 129 114 144 150 163 171 153 169 181 169 207 200 188 189 188 195 183 157 191 197 186 178 177 163 160 152 127 132 128 118 118 87 78 68 59 53 48 27 10 6 0 0 0 0 0 0 0 0 0 0 0 0 0 0 0 0 0 0 0 0 0 0 0 0 0
0 0 0 0 0 0 0 0 0 0 0 0 0 0 0 0 0 0 0 0 0 0 0 0 0 3 13 23 34 46 55 68 73 83 98 115 113 120 136 144 127 132 142 174 140 178 167 162 156 183 177 161 156 156 171 178 167 131 169 148 131 149 120 121 124 107 82 83 75 70 51 43 25 30 9 2 0 0 0 0 0 0 0 0 0 0 0 0 0 0 0 0 0 0 0 0 0 0 0 0 0
0 0 0 0 0 0 0 0 0 0 0 0 0 0 0 0 0 0 0 0 0 0 0 0 0 2 10 17 34 41 41 48 68 66 77 91 106 96 114 122 107 124 140 145 148 140 173 158 150 146 146 152 164 131 163 156 144 155 148 124 125 109 108 113 105 92 69 73 67 60 47 39 28 27 9 1 0 0 0 0 0 0 0 0 0 0 0 0 0 0 0 0 0 0 0 0 0 0 0 0 0
0 0 0 0 0 0 0 0 0 0 0 0 0 0 0 0 0 0 0 0 0 0 0 0 0 7 12 20 21 32 36 60 56 67 90 88 85 94 92 78 105 109 128 127 113 138 141 142 141 142 140 115 129 127 136 140 147 144 116 118 118 104 108 120 87 71 88 75 67 51 43 38 26 24 12 1 0 0 0 0 0 0 0 0 0 0 0 0 0 0 0 0 0 0 0 0 0 0 0 0 0
0 0 0 0 0 0 0 0 0 0 0 0 0 0 0 0 0 0 0 0 0 0 0 0 0 2 9 12 23 34 31 40 54 63 65 69 71 83 93 99 90 103 105 99 106 108 99 120 115 118 105 124 122 135 118 123 108 112 106 102 88 100 92 89 68 64 52 50 49 51 40 28 24 8 13 4 0 0 0 0 0 0 0 0 0 0 0 0 0 0 0 0 0 0 0 0 0 0 0 0 0
0 0 0 0 0 0 0 0 0 0 0 0 0 0 0 0 0 0 0 0 0 0 0 0 0 1 4 12 13 34 30 44 35 56 58 53 73 84 85 82 107 78 95 87 117 88 85 105 115 106 112 115 108 107 111 94 119 96 104 83 80 97 79 52 71 54 67 44 39 41 34 29 20 15 10 3 0 0 0 0 0 0 0 0 0 0 0 0 0 0 0 0 0 0 0 0 0 0 0 0 0
0 0 0 0 0 0 0 0 0 0 0 0 0 0 0 0 0 0 0 0 0 0 0 0 0 2 8 19 23 32 36 43 49 65 53 53 59 81 74 71 84 77 79 81 77 92 112 100 94 104 90 86 94 101 97 91 79 80 103 79 65 75 69 66 59 62 63 42 37 34 36 25 17 12 8 2 0 0 0 0 0 0 0 0 0 0 0 0 0 0 0 0 0 0 0 0 0 0 0 0 0
0 0 0 0 0 0 0 0 0 0 0 0 0 0 0 0 0 0 0 0 0 0 0 0 0 2 5 15 15 26 25 40 29 43 37 45 53 60 47 75 61 83 71 73 76 72 91 100 105 98 84 98 83 92 86 93 84 77 74 58 83 72 62 51 49 43 28 41 42 28 32 29 19 8 9 2 0 0 0 0 0 0 0 0 0 0 0 0 0 0 0 0 0 0 0 0 0 0 0 0 0
0 0 0 0 0 0 0 0 0 0 0 0 0 0 0 0 0 0 0 0 0 0 0 0 0 2 5 8 21 17 26 31 42 42 46 46 43 57 59 74 65 62 68 63 66 97 82 91 79 79 73 91 88 67 87 67 89 79 61 67 51 52 80 53 53 44 37 34 38 22 31 16 19 19 3 1 0 0 0 0 0 0 0 0 0 0 0 0 0 0 0 0 0 0 0 0 0 0 0 0 0
0 0 0 0 0 0 0 0 0 0 0 0 0 0 0 0 0 0 0 0 0 0 0 0 0 1 6 14 17 17 23 28 29 42 36 45 50 45 50 54 58 60 69 70 66 67 79 67 63 76 81 69 85 68 70 58 55 72 74 47 70 40 67 41 42 32 44 47 32 24 27 20 9 15 5 3 0 0 0 0 0 0 0 0 0 0 0 0 0 0 0 0 0 0 0 0 0 0 0 0 0
0 0 0 0 0 0 0 0 0 0 0 0 0 0 0 0 0 0 0 0 0 0 0 0 0 5 4 14 15 22 15 24 30 28 18 31 49 35 52 57 59 50 45 64 53 62 55 61 52 69 53 59 63 54 74 63 56 74 46 58 45 48 60 44 40 31 35 31 29 17 22 21 16 6 3 3 0 0 0 0 0 0 0 0 0 0 0 0 0 0 0 0 0 0 0 0 0 0 0 0 0
0 0 0 0 0 0 0 0 0 0 0 0 0 0 0 0 0 0 0 0 0 0 0 0 0 1 4 9 13 13 18 12 29 27 32 29 34 35 40 57 40 43 45 46 47 55 48 74 55 53 47 56 58 53 55 69 54 63 38 56 47 64 43 30 38 28 32 29 24 22 15 13 9 8 4 0 0 0 0 0 0 0 0 0 0 0 0 0 0 0 0 0 0 0 0 0 0 0 0 0 0
0 0 0 0 0 0 0 0 0 0 0 0 0 0 0 0 0 0 0 0 0 0 0 0 0 0 5 7 11 11 14 28 19 24 20 29 34 32 43 34 38 38 31 49 49 44 54 61 58 48 49 63 48 52 49 50 49 52 44 68 42 47 33 39 33 29 26 27 34 22 8 19 10 15 6 1 0 0 0 0 0 0 0 0 0 0 0 0 0 0 0 0 0 0 0 0 0 0 0 0 0